%YAML:1.0
cameraMatrix: !!opencv-matrix
   rows: 3
   cols: 3
   dt: d
   data: [ 1.0374095528570476e+03, 0., 9.4120659437441964e+02, 0.,
       1.0370137281046775e+03, 5.4490044114112402e+02, 0., 0., 1. ]
distortionCoefficients: !!opencv-matrix
   rows: 1
   cols: 5
   dt: d
   data: [ 2.9107722203129096e-02, -4.2310322706173478e-02,
       -3.0651465267130568e-03, -4.8091063227914471e-04,
       5.0263093127369731e-03 ]
rotation: !!opencv-matrix
   rows: 3
   cols: 3
   dt: d
   data: [ 1., 0., 0., 0., 1., 0., 0., 0., 1. ]
projection: !!opencv-matrix
   rows: 4
   cols: 4
   dt: d
   data: [ 1.0374095528570476e+03, 0., 9.4120659437441964e+02, 0., 0.,
       1.0370137281046775e+03, 5.4490044114112402e+02, 0., 0., 0., 1.,
       0., 0., 0., 0., 1. ]
