%YAML:1.0
cameraMatrix: !!opencv-matrix
   rows: 3
   cols: 3
   dt: d
   data: [ 3.5476029132272464e+02, 0., 2.5306754087288363e+02, 0.,
       3.5449153515383603e+02, 2.0537746288838397e+02, 0., 0., 1. ]
distortionCoefficients: !!opencv-matrix
   rows: 1
   cols: 5
   dt: d
   data: [ 7.8106860982518192e-02, -2.4631153660518815e-01,
       -2.8071882998327367e-03, -7.9054522442355822e-05,
       8.2252621518699442e-02 ]
rotation: !!opencv-matrix
   rows: 3
   cols: 3
   dt: d
   data: [ 1., 0., 0., 0., 1., 0., 0., 0., 1. ]
projection: !!opencv-matrix
   rows: 4
   cols: 4
   dt: d
   data: [ 3.5476029132272464e+02, 0., 2.5306754087288363e+02, 0., 0.,
       3.5449153515383603e+02, 2.0537746288838397e+02, 0., 0., 0., 1.,
       0., 0., 0., 0., 1. ]
