%YAML:1.0
depthShift: -6.4073772024152220e+01
