%YAML:1.0
rotation: !!opencv-matrix
   rows: 3
   cols: 3
   dt: d
   data: [ 9.9957884284500964e-01, -2.8279000783211775e-02,
       6.5142191653711065e-03, 2.8190066140881643e-02,
       9.9951327038403925e-01, 1.3361979538046423e-02,
       -6.8889119318001702e-03, -1.3172715775631113e-02,
       9.9988950512118602e-01 ]
translation: !!opencv-matrix
   rows: 3
   cols: 1
   dt: d
   data: [ -5.3565259145201390e-02, -4.9158546614352728e-03,
       -1.1265072003758515e-02 ]
essential: !!opencv-matrix
   rows: 3
   cols: 3
   dt: d
   data: [ 3.5142801469990360e-04, 1.1324344115837754e-02,
       -4.7647878230613495e-03, -1.1629333990937997e-02,
       -3.8703495415053904e-04, 5.3485957310437329e-02,
       3.4037761159150240e-03, -5.3678202805009692e-02,
       -6.8371494199863446e-04 ]
fundamental: !!opencv-matrix
   rows: 3
   cols: 3
   dt: d
   data: [ 1.6160429477698923e-07, 5.2114516254753280e-06,
       -1.8885230059650562e-03, -5.3497945000606433e-06,
       -1.7818107679488574e-07, 1.0119303759595332e-02,
       4.3867844516015924e-03, -3.0434731184949250e-02, 1. ]
