%YAML:1.0
cameraMatrix: !!opencv-matrix
   rows: 3
   cols: 3
   dt: d
   data: [ 1.0449429367682731e+03, 0., 9.8115380386399306e+02, 0.,
       1.0466316467770291e+03, 5.6616202416948056e+02, 0., 0., 1. ]
distortionCoefficients: !!opencv-matrix
   rows: 1
   cols: 5
   dt: d
   data: [ 2.2541688883210110e-02, -1.9461855346783619e-02,
       1.1741890360550834e-03, -5.9671771647959850e-04,
       -1.2893558471903122e-02 ]
rotation: !!opencv-matrix
   rows: 3
   cols: 3
   dt: d
   data: [ 1., 0., 0., 0., 1., 0., 0., 0., 1. ]
projection: !!opencv-matrix
   rows: 4
   cols: 4
   dt: d
   data: [ 1.0449429367682731e+03, 0., 9.8115380386399306e+02, 0., 0.,
       1.0466316467770291e+03, 5.6616202416948056e+02, 0., 0., 0., 1.,
       0., 0., 0., 0., 1. ]
