%YAML:1.0
rotation: !!opencv-matrix
   rows: 3
   cols: 3
   dt: d
   data: [ 9.9999514178185389e-01, -1.7473783321047236e-04,
       3.1122145458677580e-03, 1.9769802566497519e-04,
       9.9997275772929317e-01, -7.3786661913294201e-03,
       -3.1108404299343474e-03, 7.3792456228305991e-03,
       9.9996793418882068e-01 ]
translation: !!opencv-matrix
   rows: 3
   cols: 1
   dt: d
   data: [ -4.6036877380394470e-02, -1.3929134252543269e-03,
       8.0727744442286170e-02 ]
essential: !!opencv-matrix
   rows: 3
   cols: 3
   dt: d
   data: [ -1.1626584293947156e-05, -8.0735823885514812e-02,
       -7.9720568173686514e-04, 8.0584138869870370e-02,
       3.2561123475425110e-04, 4.6286643231085479e-02,
       1.3838052584111639e-03, -4.6035866625992156e-02,
       3.4402579610430577e-04 ]
fundamental: !!opencv-matrix
   rows: 3
   cols: 3
   dt: d
   data: [ 3.6394185089190594e-09, 2.5181134866934394e-05,
       -5.1436955929809658e-03, -2.5184198665093187e-05,
       -1.0139279878633962e-07, 1.7909272990220444e-03,
       1.3802131821320332e-02, -9.6454772736244768e-03, 1. ]
