%YAML:1.0
cameraMatrix: !!opencv-matrix
   rows: 3
   cols: 3
   dt: d
   data: [ 3.2654697267587215e+02, 0., 2.5784285371867770e+02, 0.,
       3.2773022724410509e+02, 2.0746664689350695e+02, 0., 0., 1. ]
distortionCoefficients: !!opencv-matrix
   rows: 1
   cols: 5
   dt: d
   data: [ 5.1419669922273106e-02, -2.3200871792771952e-01,
       -1.0734961552853783e-03, 9.9155434918449291e-04,
       1.1939007540329920e-01 ]
rotation: !!opencv-matrix
   rows: 3
   cols: 3
   dt: d
   data: [ 1., 0., 0., 0., 1., 0., 0., 0., 1. ]
projection: !!opencv-matrix
   rows: 4
   cols: 4
   dt: d
   data: [ 3.2654697267587215e+02, 0., 2.5784285371867770e+02, 0., 0.,
       3.2773022724410509e+02, 2.0746664689350695e+02, 0., 0., 0., 1.,
       0., 0., 0., 0., 1. ]
