%YAML:1.0
depthShift: -4.2940162110195764e+01
